aStart: 0.2759906328437107
bStart: -0.007370171103871569
range: 2.7312985206862095e-11